16
16
16
16
16
16
16
16
16
17
18
19
20
21
22
23
23
22
18
17
16
16
15
15
12
12
10
9
8
7
3
1
4
5
6
8
20
21
22
21
10
9
3
5
30
31
32
31
29
26
21
17
19
18
3
12
16
17
18
17
19
23
25
21
24
22
17
19
19
27
20
20
17
18
15
2
3
22
19
16
14
15
14
18
18
14
12
7
8
11
12
11
10
7
9
7
16
11
5
5
4
6
20
24
25
24
24
23
24
27
28
29
29
30
30
32
32
32
27
23
16
11
3
6
5
9
24
26
27
23
28
28
28
27
21
21
21
21
21
20
19
15
13
12
12
5
6
6
3
4
4
3
11
7
14
14
19
19
