23
23
23
23
24
24
24
24
24
24
24
24
25
26
27
30
29
29
28
24
25
22
20
18
16
13
1
0
1
1
18
21
20
25
27
33
33
31
34
33
38
34
25
6
7
1
1
8
19
21
25
25
28
31
34
38
38
39
39
40
37
39
35
26
27
19
18
21
21
28
32
38
44
45
39
47
44
43
50
55
46
39
35
31
26
1
4
0
1
7
28
23
30
29
27
33
34
34
34
34
33
30
32
29
26
15
10
12
3
18
24
25
31
28
28
30
32
30
32
32
34
29
29
18
9
2
4
3
1
14
7
27
26
23
24
25
27
31
32
37
40
41
45
45
46
49
48
48
53
50
54
45
47
47
45
57
56
11
26
17
3
1
1
11
18
1
