15
15
14
15
15
15
15
14
15
15
15
15
13
15
15
15
15
15
15
15
15
15
15
15
14
14
15
15
14
14
14
14
13
15
15
10
13
15
18
23
28
31
36
37
45
52
54
59
55
56
49
56
56
58
58
55
50
37
28
17
8
6
1
0
18
26
37
36
47
48
51
47
1
4
9
3
5
44
21
21
21
15
1
18
31
34
44
47
50
58
54
57
56
60
64
65
58
36
28
23
18
1
5
31
43
50
55
59
61
69
7
13
9
43
45
32
20
10
10
7
19
11
5
4
15
4
7
12
7
14
18
